% time     seconds  usecs/call     calls    errors syscall
------ ----------- ----------- --------- --------- ----------------
 64,91    9,655257          21    443730           read
 21,77    3,238994          14    218453           write
 13,31    1,980374           2    662180           lseek
  0,00    0,000346          17        20           ftruncate
  0,00    0,000193         193         1           execve
  0,00    0,000050           6         8           mmap
  0,00    0,000018           6         3           mprotect
  0,00    0,000016           5         3           openat
  0,00    0,000013          13         1           munmap
  0,00    0,000010           3         3           close
  0,00    0,000008           2         3           fstat
  0,00    0,000007           2         3           brk
  0,00    0,000004           2         2           pread64
  0,00    0,000004           4         1         1 access
  0,00    0,000003           3         1           getrandom
  0,00    0,000003           3         1           statx
  0,00    0,000002           2         1           arch_prctl
  0,00    0,000002           2         1           set_tid_address
  0,00    0,000002           2         1           set_robust_list
  0,00    0,000002           2         1           prlimit64
  0,00    0,000002           2         1           rseq
------ ----------- ----------- --------- --------- ----------------
100,00   14,875310          11   1324418         1 total
