% time     seconds  usecs/call     calls    errors syscall
------ ----------- ----------- --------- --------- ----------------
 53,88    0,411469           1    218453           read
 46,11    0,352175           1    218452           lseek
  0,00    0,000020           6         3           mprotect
  0,00    0,000013          13         1           munmap
  0,00    0,000012           6         2           write
  0,00    0,000005           1         3           openat
  0,00    0,000004           1         3           close
  0,00    0,000004           0         8           mmap
  0,00    0,000002           0         3           fstat
  0,00    0,000002           2         1           arch_prctl
  0,00    0,000002           2         1           set_tid_address
  0,00    0,000002           2         1           prlimit64
  0,00    0,000001           1         1           set_robust_list
  0,00    0,000001           1         1           rseq
  0,00    0,000000           0         1           brk
  0,00    0,000000           0         2           pread64
  0,00    0,000000           0         1         1 access
  0,00    0,000000           0         1           execve
------ ----------- ----------- --------- --------- ----------------
100,00    0,763712           1    436938         1 total
