% time     seconds  usecs/call     calls    errors syscall
------ ----------- ----------- --------- --------- ----------------
 44,99    0,751613           1    436903           lseek
 28,27    0,472254           2    218453           write
 26,74    0,446710           2    218453           read
  0,00    0,000005           1         3           close
  0,00    0,000000           0         3           fstat
  0,00    0,000000           0         8           mmap
  0,00    0,000000           0         3           mprotect
  0,00    0,000000           0         1           munmap
  0,00    0,000000           0         1           brk
  0,00    0,000000           0         2           pread64
  0,00    0,000000           0         1         1 access
  0,00    0,000000           0         1           execve
  0,00    0,000000           0         1           arch_prctl
  0,00    0,000000           0         1           set_tid_address
  0,00    0,000000           0         3           openat
  0,00    0,000000           0         1           set_robust_list
  0,00    0,000000           0         1           prlimit64
  0,00    0,000000           0         1           rseq
------ ----------- ----------- --------- --------- ----------------
100,00    1,670582           1    873840         1 total
