% time     seconds  usecs/call     calls    errors syscall
------ ----------- ----------- --------- --------- ----------------
 80,35    1,593975           7    225279           read
 19,65    0,389732           1    225278           lseek
  0,00    0,000007           3         2           write
  0,00    0,000004           1         3           close
  0,00    0,000000           0         3           fstat
  0,00    0,000000           0         8           mmap
  0,00    0,000000           0         3           mprotect
  0,00    0,000000           0         1           munmap
  0,00    0,000000           0         3           brk
  0,00    0,000000           0         2           pread64
  0,00    0,000000           0         1         1 access
  0,00    0,000000           0         1           execve
  0,00    0,000000           0         1           arch_prctl
  0,00    0,000000           0         1           set_tid_address
  0,00    0,000000           0         3           openat
  0,00    0,000000           0         1           set_robust_list
  0,00    0,000000           0         1           prlimit64
  0,00    0,000000           0         1           getrandom
  0,00    0,000000           0         1           statx
  0,00    0,000000           0         1           rseq
------ ----------- ----------- --------- --------- ----------------
100,00    1,983718           4    450594         1 total
